5570
5459
988
5557
8663
1974
6512
4785
5999
2101
996
8547
6792
8245
4189
2800
9743
2152
7400
5997
538
8771
3920
6194
1305
1397
6015
2457
8808
6355
70
9114
4364
808
9012
5141
1956
50
3009
6172
8661
8383
7115
18
9128
7037
6203
7456
1113
1665
2559
5393
6385
13
2501
5416
7535
2751
4033
6130
6059
7420
3703
3542
293
6462
9101
8877
2866
5874
6239
7370
2339
586
8563
4772
4087
8725
108
8406
6608
654
10006
7488
1943
5081
6404
6353
6166
72
1993
6410
7378
574
2497
1130
271
1114
9035
6192
8836
7036
7884
7052
9775
3540
3964
4018
123
3865
6244
9102
3199
2367
7473
4664
7127
3785
1661
111
8351
6781
5994
2134
453
4924
5101
1725
6322
199
2121
7207
8698
47
4308
5334
2570
4032
2880
7110
1153
2420
6070
522
9149
4126
8604
9225
2924
6968
9552
9016
5523
7754
8769
3942
5619
3577
8741
1364
9161
564
7651
7634
6426
4327
4070
8915
6096
8485
9933
6234
650
2105
2863
8050
1050
2981
5102
14
7356
8631
5700
4594
7254
2591
5333
1004
124
9404
10284
5
7669
298
172
4304
6485
6822
4043
9505
6788
5381
6066
213
7448
8720
393
281
7109
729
7041
1277
4266
7823
3483
1677
2615
7828
7709
6057
7374
6437
7237
364
8567
6186
4007
9463
8857
7549
7695
7313
2346
6734
9131
9598
6989
2046
727
8641
2406
3462
1704
1409
5901
6168
2861
6179
6439
121
2289
2644
3137
2580
9100
6167
3004
5576
6162
2168
7040
4799
4110
1052
6329
8740
82
1109
9111
7007
7467
748
322
8481
1003
1870
1132
864
4213
7092
4639
3653
5835
3905
1179
6250
8577
4261
7044
2523
6516
4966
6371
8397
10117
6259
937
8758
605
7377
2493
4748
929
8265
9364
917
7388
5298
7081
3752
3448
6137
1950
6269
5026
9115
7674
2419
1962
134
5128
755
3597
2941
22
8851
7376
2326
4504
1238
1831
254
836
9401
6271
2141
9593
292
1247
9534
5041
1708
9133
1370
4349
6224
2157
4846
3786
7213
3400
9591
439
2939
6840
6777
4009
2016
7288
7300
6152
2774
5349
1838
6235
6174
4818
7094
6241
9424
6758
5104
789
2911
8988
4631
8221
5871
128
8352
7489
6647
5167
9216
4982
7093
6502
8526
6195
3983
8423
878
9271
2055
5894
5529
6979
8716
1706
8592
1667
9716
6302
9062
9042
3154
7526
3452
2654
9583
3553
8967
6438
6056
115
3770
10011
3208
1992
4020
7250
10111
4137
6986
7155
112
8850
5274
2111
5079
6733
4204
9086
3871
7128
6219
7079
104
5401
7208
6998
4797
3180
6542
6315
6216
9180
7399
7297
848
8751
3496
1742
8381
10324
15
1886
9278
5261
2498
6481
6227
3875
5666
6510
6215
5053
7658
1867
9139
5613
6156
264
7175
6222
4260
8576
7009
7710
9966
4249
4017
5244
6251
5113
7035
7234
7746
916
9053
4643
2809
6422
6212
5911
9014
7002
247
335
4046