10237
8103
786
811
2268
703
3870
5588
2481
6516
3743
6519
7476
8741
8323
6860
9030
8851
737
4982
3183
1906
2397
8716
8999
1893
6166
3733
7135
6439
9106
2556
574
6101
7031
213
8540
4328
2559
3388
6650
22
500
2339
4799
3775
8354
8661
6383
6233
2145
7392
2420
7426
9868
3990
1238
8726
981
9195
9114
6169
6302
1927
2187
7214
3462
6758
9206
4033
5377
6362
6287
1908
6504
916
1725
9031
4007
5172
8457
6454
7436
6491
5137
345
3508
5102
7709
9084
7368
535
1879
6227
8665
8532
8832
4043
3896
10324
6276
5288
10246
7618
522
4162
6371
6168
968
6230
7285
10063
7431
4753
3703
3800
9141
124
9480
10281
5127
4697
7486
7490
770
271
4056
2566
9213
108
9603
112
4135
6127
7702
9321
9176
6452
3653
8029
5555
6096
1362
6334
3993
58
7514
874
6404
5402