6111
202
7413
9780
8570
7028
9483
9597
8716
9446
8901
735
6822
87
1953
3902
3039
8424
839
3845
248
1624
6627
6302
452
9208
3309
3696
6332
4494
6863
7841
7343
7837
7180
5807
3424
2483
1535
3253
425
3661
9473
4651
1577
10230
4505
8768
627
3932
10139
1119
7053
5236
8249
6035
2378
9750
1268
5237
6114
7479
8372
8722
7914
2863
6668
6615
8447
1126
7197
855
10218
1209
3800
1865
227
4041
9755
3555
3951
10150
8354
359
657
2928
3921
3938
3874
5065
8163
4287
2346
3786
1254
2777
1764
1879
6129
1279
10026
10214
4482
1127
9856
7714
2547
6098
3009
10207
4704
1358
2974
3115
1720
9684
275
4859
9101
10299
6112
2040
3495
2661
3933
2534
2119
1414
5986
6329
7375
4309
2816
9402
9811
1545
4441
9628
6530
8374
6328
4481
813
5603
2002
4238
10076
1903
1855
8362
8444
3399
5644
9595
2264
8631
6236
8313
6430
6162
6368
1217
9162
6335
10171
9500
2979
1666
9987
10185
3714
571
114
8971
9565
5526
2472
7404
3812
5374
3721
6036
8849
408
268
9693
4733
3534
1863
7152
2311
457
2315
274
3182
371
7436
8803
5259
3892
5611
7326
6351
4557
4083
801
8314
9136
8753
4660
24
1178
3922
8316
5344
3444
7561
5373
44
8330
3497
3974
8563
6643
4806
4411
1055
3441
7527
481
2250
9517
5708
8437
1122
8991
307
4848
9088
4442
5452
6411
460
7095
5858
1843
527
3901
7220
386
8956
988
6025
8587
4813
7961
323
8026
4712
5043
9695
4048
4821
3563
6952
8778
7064
2386
8181
587
4960
6254
3746
8004
3479
6264
6552
5686
5185
1676
6485
9337
625
2423
1343
5667
131
8269
1324
8550
1040
65
7539
9617
10053
9634
3222
2305
8258
1826
5615
4652
7621
4060
9905
9633
3866
6977
6669
1169
10078
9058
2971
5738
7422
1864
7188
2266
4655
9110
7237
5123
748
8668
3749
7528
2304
4809
7753
2636
3390
665
1679
6859
653
9426
8100
8927
2597
192
9601
8634
10238
1168
953
8538
585
1696
703
9252
3846
3609
5774
7384
6597
196
2641
8596
10242
10314
609
2042
2666
6467
6634
9982
2448
6346
3873
1322
301
672
5594
9244
1047
5527
4390
9786
6931
10236
7950
4627
1811
7768
5955
2559
6372
2873
8015
4003
6684
3744
4559
9959
2871
8343
3400
5700
4843
3706
7906
922
1308
9865
363
2406
8759
152
6632
2241
1872
1832
556
1460
6511
6942
7869
450
5870
8440
7454
2787
9875
6423
6970
4727
1537
1377
5075
133
2058
951
943
1152
1135
8525
6398
7386
6359
9853
8082
4786
2497
5113
8253
4554
2239
5329
7791
9584
2754
2950
10141
10278
8659
3551
5549
260
7020
1067
5724
2995
2646
8380
4375
9836
4528
436
7426
9669
6339
8165
1523
3852
7581
1619
9318
2355
5511
10051
1813
5158
6043
95
819
485
2145
4139
3708
4831
6683
4194
5274
1002
4133
1800
7840
5610
6663
2614
6489
5680
3026
4966
3730
9775
976
4161
1430
4773
7017
3558
6308
4128
6662
3165
1309
10121
5023
9672
5946
84
5220
6551
1528
4661
2914
3711
5367
3653
8392
8905
2907
9419
5597
3185
613
8840
7625
7046
4388
4607
1596
4114
4109
9363
6242
7921
8290
5470
9001
2038
5722
3426
9161
8976
6980
3667
4102
3840
7335
4816
1295
3204
5624
3034
1797
5364
5445
2645
4871
5614
3370
5725
7362
5793
8568
5531
1652
6206
1692
1379
9893
10239
8397
7250
5008
1573
8656
91
861
6054
7915
833
5153
7601
9984
23
726
7203
7275
8345
5717
7054
9227
4777
3809
5366
3720
7551
2173
6144
8207
2945
10050
7402
6178
1607
4678
8428
630
1229
10062
10009
4630
10272
7338
5569
5839
8921
2786
10090
4896
5147
8303
9452
2293
5199
8745
4412
8524
3104
1682
9866
7911
5044
418
2082
4628
1712
4182
8805
28
2254
8116
9218
10154
1125
3356
2280
2681
3972
6172
6338
3620
8608
2902
10226
1527
7247
342
5319
2297
2922
8179
8572
9538
6820
3079
482
3685
6965
2858
5030
6212
4292
5219
1478
6215
8826
2182
6415
648
792
3896
8996
10152
2111
7982
1951
2843
9795
4957
8923
7531
3154
3982
10305
2532
5820
5007
2320
1876
10118
6149
6567
5104
8048
100
5489
9153
3477
1759
3723
7027
8133
8222
8966
547
10028
7224
2794
3105
3181
2314
8581
10276
5746
866
9497
7036
2585
1517
7241
1504
209
1017
6695
8427
3916
7995
6577
4169
3960
4186
4904
2525
9293
1909
7004
4965
94
2105
9822
9932
6286
3718
1050
6878
8802
1770
6974
4419
5141
2480
3761
9285
2670
5586
9971
9003
7659
3584
6729
4520
1777
5272
9250
2068
7321
1707
6619
1116
1534
1244
2317
6714
7523
717
4224
1710
5855
1783
9612
574
6946
344
3665
7091
5613
1718
9284
4703
7787
7290
2188
1261
6747
8967
9504
6438
9216
2036
3940
5891
2022
6903
949
8403
5133
349
239
8944
2468
7447
4054
7930
5688
9491
1842
6380
33
4543
8195
1471
9847
9345
9240
5121
5727
10248
3893
9416
2886
7019
6074
2949
2826
3482
3488
2106
3590
6187
4471
3386
1611
3544
158
6553
6365
1810
1904
6932
5184
8469
3152
3469
2668
210
8385
9751
3521
8218
7292
121
3290
2874
10162
4986
9262
4797
10000
7839
1349
154
8350
1922
6000
4136
4625
1223
9283
4643
8317
8842
2249
7487
9733
3068
6982
4369
5352
3433
4754
6391
2052
7632
634
10159
9562
9948
2730
7300
6001
7372
2148
2196
3660
8891
8162
6304
5062
391
6066
8946
4834
4151
79
9611
6674
1296
499
7891
2256
9102
6484
5247
1211
6726
2407
7547
4594
6270
2728
1144
3576
8693
4822
3285
331
266
1567
1172
6547
3860
2422
8466
1900
4985
8883
1805
494
4089
2822
4825
4229
9946
5803
9223
6840
4177
6796
8654
3355
1927
1175
944
2366
8389
5500
4068
2200
3827
6647
5499
3628
9627
5311
5250
8677
695
8925
5790
7802
2868
8429
6103
9767
5257
8336
905
6495
4179
9368
9072
2859
7709
6532
10200
8039
3780
2065
7390
6057
2783
4402
9583
5672
1730
8858
6278
6626
7818
9374
8860
5095
3305
5785
577
7425
5909
5953
5358
9264
8852
5360
3722
5520
1422
5778
10216
6910
1831
2521
5781
5443
2911
8087
9808
8194
10302
8589
4407
6688
8363
2689
2566
90
9992
2899
3870
3502
8746
6296
5275
8773
1395
8419
9310
4666
768
8254
5787
2115
7953
6696
440
783
9616
8454
6433
4304
6617
9587
10070
4021
5015
9468
2312
6811
10181
6973
694
5286
1626
8560
7478
5970
1621
6725
6824
5216
4919
8528
5468
3476
1202
9271
5710
3491
3397
5127
1957
5473
6984
6846
4675
2589
3148
1057
9334
8855
2071
9386
1583
649
3791
2234
4043
6981
5913
5463
4079
1997
8145
8786
7359
3663
4426
10273
4546
283
4077
795
5144
8041
5740
1473
5393
3139
9794
8304
10008
6058
1090
117
2719
8816
105
5984
5685
8604
6913
9399
472
7344
5145
5049
2344
10023
5590
1199
5415
10084
584
6038
8381
1074
1354
6893
9251
7731
7175
4433
4440
1886
8783
6488
6229
9654
86
7502
7434
4839
6156
9621
9253
4020
8217
6429
1237
10127
8515
3149
4659
1646
2912
3879
9260
8264
8924
5038
4558
972
6985
10130
8749
4142
6075
7
1769
1418
7793
1531
4017
9390
2028
6142
777
9143
1077
4674
9224
9626
8495
7080
4374
1683
3637
5895
8129
9908
7899
4584
9709
8945
7799
3188
6945
5223
8912
2721
7558
2149
10202
2936
8323
3301
5720
180
2445
4886
2789
1916
8090
756
3381
5399
5017
9415
7143
1350
9689
1355
6182
1524
18
7441
4088
3063
357
6872
5821
6506
1691
3757
7333
6825
1647
6086
1850
4732
10205
5776
1419
7140
2604
8695
290
8508
8099
7685
7976
3125
8069
9501
1793
9914
4394
3505
5436
5101
4473
4545
713
9962
5715
9827
8939
2958
8766
383
3904
70
238
4913
3218
550
958
6710
868
4990
9920
9328
3468
8686
5829
4314
5269
6763
6170
9437
3571
7760
3603
6134
8853
7009
8014
10232
7574
5514
10274
6573
4368
9776
2362
3359
6934
6041
8954
5628
9059
110
8346
3294
4902
3640
3998
6113
3758
1889
171
5271
5018
4056
9346
566
9967
2439
5206
7559
9573
5297
7808
10227
11
4612
7616
1313
2582
4310
6852
1841
7014
1750
10195
7902
7985
10266
4935
2495
1697
1416
6879
6281
6986
7392
6176
4289
9301
4891
5080
6027
8024
7620
4150
9444
6244
9339
8548
4409
7139
10101
4814
4664
7610
4934
10069
5653
5923
7900
6131
6702
9167
8952
975
5398
9635
9990
845
2453
9273
9854
3138
5120
9648
5317
4084
6165
5836
1838
1798
4997
5767
8726
3395
2335
8247
4864
8688
9922
4357
5663
7045
2872
9353
9842
8894
1501
240
4268
2851
1529
7560
4593
4698
4950
1433
6377
9953
8913
7681
8068
9928
3580
5388
6374
8277
9188
4308
4422
1112
4503
5115
185
8123
9952
5200
8938
3421
1739
7582
299
1113
2581
4397
1010
9027
9537
1145
6421
486
479
4384
6709
9964
5046
3599
9103
7739
6757
3460
1492
5029
8319
6760
5069
5576
7081
7291
3227
9396
6251
9258
7097
6651
2285
6366
387
563
1038
9682
6450
5655
2829
2154
3707
7151
6976
253
4355
5528
5490
8603
8107
9179
5712
9294
1310
8784
4907
4250
820
8920
2672
2019
789
7851
4176
6939
4348
10065
5733
6153
8166
1218
1405
2101
5515
6126
8983
4315
6276
7772
2057
8106
3582
5385
8401
2860
5647
6581
3817
424
4748
9082
8685
1671
7382
1614
2035
7082
8595
10089
7579
2165
7204
516
3044
4642
8470
5696
4665
6745
6018
221
7862
1848
2758
1176
9551
8095
9757
5555
298
5021
4841
5390
8293
10173
534
5943
9701
7118
7127
400
9972
6810
524
5622
5149
1167
9201
4699
2492
7807
5349
3137
2692
2964
1983
4715
4223
3339
2632
7954
5755
4579
9410
14
5384
7094
322
7493
8834
533
899
10046
1520
1485
5935
9898
1895
5850
2554
3236
1132
4887
3190
10080
4200
2734
6816
7295
4429
4404
9738
6972
4004
3658
9229
3365
5381
427
3536
6753
652
9428
9835
3238
9968
8482
677
3065
7728
4143
1698
7989
10047
6829
9765
4439
601
7355
9211
8645
10223
5391
7963
1554
973
465
1751
8009
6751
1708
2458
2686
5795
8435
6742
3832
5238
1871
6862
2752
5698
7847
3334
10293
9277
10106
5461
6653
7647
9645
1035
9523
799
4093
147
5652
8000
6901
2044
5572
4633
4899
7867
1207
5195
4755
6031
9930
8415
1956
2776
2916
9440
4382
812
6143
2102
8413
5675
9609
984
7149
2325
4122
10035
6169
6405
6357
303
9944
4096
9420
7834
2848
6580
3598
3853
6468
8092
787
5860
4656
6350
8355
5380
1994
5098
7403
6404
2251
5151
580
8719
2294
626
7012
8484
8825
7635
8031
1950
7504
5534
6592
9030
3806
9134
6223
4008
3183
7030
9065
8396
2940
4328
5475
3554
6599
8112
1920
2933
4765
3680
1238
9016
170
148
7776
1984
5532
2070
5759
4820
487
5687
9097
9193
6465
6834
6560
5182
743
4835
4626
4485
2695
7780
6681
2694
6349
1246
7524
8561
4519
5999
5889
4778
1490
7711
5934
2001
4051
9852
6463
5642
3564
8854
4851
9458
8731
4930
6479
7626
1668
1735
1071
8922
9332
6548
4918
8146
2682
265
826
7598
7682
9917
8660
9599
8219
1330
8906
6155
7800
9067
10153
7488
3033
2054
8887
3994
8353
7084
5451
2354
4578
3306
9295
9830
6933
1644
1556
6583
3162
2652
3492
3978
894
10283
2403
5541
4617
1935
1444
5589
3256
3518
89
6698
3759
8281
828
8157
3075
7629
6413
9329
5705
2299
9029
6240
10189
143
4894
8844
1031
8376
9343
7265
9144
432
6370
1006
8574
6089
9484
6937
8770
1617
5888
5357
8263
9969
5054
32
8804
5912
2189
7828
2579
8279
7125
8720
2151
2708
7303
4141
9195
5175
3503
6016
5117
4970
7134
10288
6122
9702
6451
2231
2063
7904
9600
7700
5416
46
8182
2478
9041
291
2643
6378
6966
9355
6102
8315
8874
9427
7374
8416
545
4095
985
7856
5596
3594
2657
5585
216
7248
5146
2528
7322
7991
6891
3769
3037
3962
3001
4544
8622
4466
4771
7104
1840
7044
3378
464
149
9938
6741
3985
6211
289
7543
9236
1923
530
5800
521
4982
4339
10326
6175
9698
5105
5571
1164
1623
9770
5411
806
7453
9311
2005
6661
4052
8724
4173
10269
1546
9323
5047
8101
7755
1880
1579
7330
5114
5876
1860
1584
9975
8062
9239
8554
8064
2768
1187
7026
3664
5408
3170
3092
9226
7522
6926
551
6334
1536
6373
3332
4189
7721
6260
6744
2674
7920
7133
3608
6427
7035
6978
4621
10233
3280
4454
4254
6023
9568
7836
6461
1321
1943
8713
8851
5444
8529
313
4996
7771
7722
9870
2484
802
5906
5276
9197
4501
1656
7132
1137
4709
9496
4790
8865
7592
6867
5405
9825
281
3431
1818
8806
4222
1288
7943
8632
7205
4185
6568
393
10264
10068
5213
5003
3579
5904
8591
2774
4741
8421
4910
3560
594
6248
2109
2659
4989
3822
9552
4926
4086
5957
7650
8856
4860
2516
7817
6238
2723
10213
6616
4516
2847
10252
3389
5524
3989
7617
4540
3910
10143
5190
4245
4303
3881
6804
7153
8212
7378
10313
3299
4875
7645
3900
3176
4641
3622
9812
7734
1136
5261
3413
3130
5456
8329
5956
1316
1998
3533
5542
9373
6128
3097
9737
1468
6871
10303
4500
9933
1765
9304
2169
6099
85
6294
4964
1019
2026
8171
1201
439
8888
8114
1410
6029
1032
2735
4853
1134
535
9080
2409
9057
8160
1992
4766
6034
8928
6393
8736
4555
1459
1837
1328
7242
3788
6740
2417
4622
10094
2404
6059
252
7878
9008
3366
8404
8193
8763
7115
7855
6243
7541
1870
3847
8461
1023
6431
8507
10146
7350
1096
6088
3862
655
5599
75
1566
3993
9313
766
8933
2288
9006
10113
1724
3715
2862
5872
6706
8476
5987
8138
2187
6325
4889
8393
2997
3317
5629
7179
6013
423
4706
1075
338
3512
3891
3147
2263
1590
10002
5321
2004
1548
6531
5619
7371
4569
590
5991
4526
5492
8577
6218
9220
5749
5183
7673
2780
854
9145
473
3691
6794
8649
37
9487
763
4818
3405
10168
3409
862
5536
2134
8681
1357
5631
5504
1088
6659
673
7979
5942
7183
5558
5314
8299
222
2609
6892
2706
746
2699
1162
2697
3656
3449
2937
1391
1733
9217
2237
2896
29
4580
7142
10052
6561
10191
4045
1948
9678
7944
6836
10124
4034
1335
6064
8832
6480
10158
7630
5894
8152
1281
3056
4112
6406
7628
2390
1971
7857
5659
8468
5174
776
8567
9713
7809
5438
2563
7150
1111
5581
3516
12
3142
6618
4135
2508
9519
236
7266
7406
8968
5543
6199
10151
3226
8637
5503
6157
343
330
2456
2475
8018
5232
7875
2676
2647
3458
1220
7968
2425
3987
4244
1299
7119
702
1515
8282
8300
5884
10329
1373
1888
4596
5109
3751
660
8651
1412
2633
8211
5922
5877
5939
403
583
2707
1191
2747
696
7456
4791
9924
678
4811
1101
6363
6604
3375
6519
1366
3924
5036
407
3662
2420
5678
5621
3565
2027
719
9308
7984
4586
7715
5907
7040
3966
8067
9706
7754
8885
3478
2078
1618
7144
1431
4827
5071
2626
7897
6835
1754
9522
4350
3886
10323
7603
1820
2756
8043
6961
3436
8104
8027
1795
8801
2198
7668
7572
4577
2963
9178
5770
8184
4954
1649
728
7207
9280
6692
526
8467
2927
6285
182
3903
6724
6458
3103
8829
9839
1883
9788
10055
5435
4911
7339
6723
9859
3999
1290
8020
4876
9371
7351
435
6645
874
3277
5229
3562
4132
6085
6348
3423
3750
9020
3950
10138
9232
8010
6746
9238
4869
7792
2897
5491
6595
2090
4072
2131
7379
8643
711
7013
7508
6093
5097
2587
5446
2801
9118
9084
8843
6749
9610
3295
4187
8947
2972
1574
9534
6948
6299
7696
9783
6208
1197
4921
8833
7368
6432
4885
7011
918
6607
3143
10059
1082
1663
7212
1456
7428
6527
9607
3041
10114
3015
2919
9509
6639
4866
9592
4203
6496
3307
78
437
9107
2811
7332
7998
10096
865
1602
6094
875
9726
5692
7385
4417
6010
1906
2810
2365
7120
8616
1398
1625
1657
6295
4425
9734
9896
7415
959
1384
10006
2292
4650
9209
7970
2397
5289
169
9817
10253
10315
10093
2684
3899
7680
4863
5346
1742
1552
5805
40
7955
3123
9821
3890
7864
10024
3268
9691
1064
2085
9133
4023
1565
3153
1117
9508
3194
1521
443
9658
8979
598
6090
7499
9152
2350
7585
5584
4213
759
8941
4252
4705
3743
622
3525
7636
6717
2770
7813
9036
1955
5412
2892
676
8240
4039
1280
8325
9476
2833
8473
10012
5409
7567
3351
1738
6101
320
2248
8455
488
1190
151
3794
7672
8552
3926
5361
4278
2243
6298
9319
821
5772
3266
5540
2388
964
5556
7703
475
3849
6414
6068
211
6790
6779
5842
9241
810
1891
10048
5563
6956
4391
6783
7043
1689
2712
8134
5356
6003
3447
10322
2894
6538
8627
1068
6914
8813
7460
747
1747
686
5879
4016
3842
893
4064
8070
6205
2510
4671
7952
3964
9449
4938
7257
9263
2152
39
5752
8506
10040
1508
7622
7568
8502
7759
6785
8607
6237
304
753
9978
5996
7304
9125
394
1949
2072
7199
4547
9579
537
9206
9482
5197
6605
9169
7353
4199
62
4599
5464
8475
2727
2991
5990
7101
6880
2114
7269
8479
3793
8998
7038
6564
2653
9665
7972
3208
9872
6906
7280
2140
101
1858
9257
1226
5140
1719
9451
8405
9540
5505
8987
2762
7352
5337
4614
10170
3981
8298
887
3085
6259
1967
7325
7810
5513
8223
5997
3353
5042
4648
9880
4228
9070
1429
8002
9279
4714
4434
7886
5837
9403
7387
4493
7238
82
727
9841
3909
3657
631
5751
4082
9869
5234
10166
1011
4611
7296
9130
4722
725
1680
671
7762
6884
7432
4908
3276
5243
6341
6644
9518
4742
3045
8880
7077
2835
2113
7748
3239
1533
881
4092
258
10175
7877
5336
8462
2092
4844
2199
7613
7666
2869
7987
9553
1483
2710
1195
5235
8819
7789
3803
7475
5426
6225
1756
9056
9481
6535
3836
5862
808
8871
7252
3450
6800
2981
879
4456
4046
5950
7468
2993
3907
217
6492
2081
2180
4850
6300
5516
3923
7537
7418
10318
2838
7223
2994
6497
4817
2382
8257
1834
7093
9717
9365
5577
664
8464
6083
2219
5059
1726
856
4513
2426
688
3546
6116
9014
2477
3610
8197
334
4343
7316
8671
3199
2809
4631
5026
8902
3464
9993
3459
7651
1386
332
2332
687
1306
2806
2206
4517
2664
2952
7910
8285
4662
1931
6247
409
9124
5128
7745
646
8449
9040
4036
614
4713
1369
6738
9393
8494
5066
10268
5568
6193
119
2272
4847
5496
3415
1851
8008
2053
7092
538
7597
6764
6320
10003
5392
9927
3456
7259
5477
8646
7633
4168
2174
156
876
8697
1056
1359
2558
7234
6474
396
7240
5106
7530
491
3701
9720
129
4367
4149
5874
6135
5377
9727
10025
9081
4840
6697
2471
9305
441
4363
7198
2763
5861
6108
7445
8491
2549
7184
7505
228
5617
498
6353
5277
1933
7639
5430
9514
4153
4949
1592
5951
5854
661
2617
10074
9061
9604
5039
9563
6993
9367
4288
5941
3774
8705
4206
1048
5483
1247
1475
3077
4774
7887
5249
8872
10073
345
8618
3573
4590
9021
6950
7529
9878
2627
8903
3434
5494
6591
3672
2660
4483
2322
9918
7340
69
125
3485
8266
2284
496
4677
1034
8847
1293
5998
5645
2283
2656
2446
2517
10267
353
5737
10031
2741
6204
8683
2693
1372
8180
5427
9793
9204
4313
109
7660
9445
8665
9574
1954
1160
9100
448
3245
2673
9141
9267
4581
2813
68
6493
4160
1259
9282
10285
6056
8898
4837
3302
6166
4928
9685
9564
5587
5369
8704
10049
8206
6369
2112
1632
1915
9347
9945
262
9936
9210
554
1650
3417
8115
8081
9809
1276
5731
1360
5406
8547
4338
3367
5634
1076
741
1409
2482
2857
4663
4595
329
6279
7408
1327
5651
503
5661
4644
8993
8771
941
3471
7520
361
5736
8509
7974
3864
6554
4211
5566
682
1571
5316
6336
6475
9942
7901
3057
277
4667
5215
2929
4324
4015
7571
7679
7286
3074
10304
4358
1154
2080
7510
3219
1029
3019
6756
5706
8077
9432
2246
4469
255
10237
9366
59
6355
242
4805
5068
4499
2055
4977
8301
9409
2316
1269
5279
5608
4327
6679
2309
5745
4069
4801
10039
1510
4897
7861
2356
6904
10301
1828
1629
6572
5193
4260
9639
8575
3959
5616
3288
2988
8497
1958
2371
176
9687
9442
3393
6137
1772
9895
1066
6118
404
1396
1423
6015
6408
2543
1700
3606
1392
742
8827
2041
6848
7960
8056
5638
6213
7395
6203
7364
5579
7778
9397
2595
9529
2006
193
564
3807
5849
6317
6769
7975
5732
8578
544
9322
3626
5433
6889
1780
4903
8035
6002
8982
5280
9696
6641
413
540
7498
2348
2683
9412
9983
8493
7908
5122
9652
6026
9528
7393
9768
1455
1878
4076
2279
9247
7178
9544
5188
7172
7905
6832
6895
10211
9802
4972
889
1833
5936
1248
2067
2347
706
6076
1091
7656
10201
7790
7273
1403
9931
692
5538
3778
6196
373
7752
3700
8881
8841
8626
5176
8670
8200
6807
3541
3157
5796
7730
463
611
3320
2885
5089
3184
3631
6319
1553
5763
7775
9413
1266
3648
2832
6611
2856
5064
8613
4152
8431
9815
5697
3734
8117
1684
7228
1105
2393
9486
2808
8884
6504
6805
4443
2469
4033
4708
4148
71
9784
10105
1278
860
6588
7916
9819
5744
8864
3086
9424
10277
5507
4085
4893
4331
1781
9066
8030
214
1788
10098
141
3955
7079
4209
7545
6850
9007
9127
4496
5476
963
7640
1129
3211
5989
7947
7489
2209
1049
5340
2544
5102
2432
8033
6235
4953
9625
2017
5155
8012
4138
2051
10309
5954
10112
9977
1417
4549
8255
6917
5487
1054
8332
8516
2120
1990
2959
1467
6158
10209
2181
6876
7495
7089
7331
1103
8536
8698
4438
1913
6658
5323
4807
7262
2791
7251
9163
7481
2588
367
1083
8109
4320
3243
720
392
8379
4925
2696
2326
7644
8935
5830
7804
7229
4504
2889
10212
8754
8164
6896
4321
612
9321
7244
6882
8251
857
3406
1827
6437
9940
50
2701
1480
6877
7200
4319
5981
7272
2159
3394
6762
7256
983
8775
5976
4163
1993
118
8488
256
205
8071
2985
7421
2903
8700
3141
950
3229
7062
1672
2226
1762
3668
1921
5389
8236
9146
7113
750
6110
5387
3322
9760
1972
633
1486
1227
8537
10075
7693
10321
2975
2204
6833
10145
699
5561
7117
3392
8605
7876
906
406
10177
212
7785
6566
8366
7958
4915
4515
3735
279
4829
2336
10247
6996
5304
219
5294
6321
7596
7277
7898
8823
3494
10001
108
4414
6384
188
2740
7048
8220
1541
1789
7334
6152
4683
8663
3135
6280
4502
9499
4145
2976
7461
909
8948
8837
1773
7424
5600
5350
6912
4552
10287
10183
7311
9736
4695
1817
8375
1008
1294
4001
7023
9943
5339
2185
8224
9559
7605
2412
853
1406
3047
3524
9699
7986
8060
1522
7106
6399
10270
6271
7512
8815
9995
3992
4167
4688
9885
3160
714
1518
9704
377
4239
2799
7087
5012
9711
2882
5910
8611
4645
9745
5844
8119
162
5016
9605
1936
2009
7412
3824
292
5368
9790
6915
1642
4852
5863
3880
5281
9274
9732
3591
2155
4247
7302
5948
111
8876
1969
8590
5962
3216
6676
4658
6962
3437
1844
7609
4750
1988
1143
7162
2973
9542
5501
1370
6827
5365
7570
6079
1018
7071
1638
5965
3567
3820
6096
8821
7099
7506
6133
3215
56
3224
9594
6793
6673
2464
956
3270
2795
2047
229
9358
2524
4221
1634
8243
7457
2934
4256
739
6367
3692
942
10149
4078
6628
7185
4518
4383
3592
7033
2977
6107
492
9782
2541
3046
9475
9186
10186
3403
8739
2939
2895
4218
8272
9389
8140
419
9351
7484
3151
2481
3262
9664
3212
5264
7519
2419
7497
2688
7866
379
2998
6817
5824
1598
7146
4576
2947
9085
9275
3644
1881
8558
7482
1630
6257
270
5809
1087
6305
8144
5679
3496
7122
800
1291
9024
5517
4225
8781
7293
7050
8774
1231
7588
600
9641
1902
7788
8769
9883
5630
5270
5900
1589
3970
10122
3124
5312
10088
6352
5423
6969
4044
3134
2242
5694
5060
3380
328
8278
928
765
8862
2296
5266
1397
6550
390
2839
6386
8735
9651
9336
2638
3604
4286
5777
5396
208
4325
10135
3207
1411
3957
1298
5450
7889
4447
5559
490
8712
2043
7169
2900
127
4090
2628
5414
3623
7736
3539
2623
9330
3641
6773
6858
6631
2946
2531
5978
2677
10092
4323
3646
5058
7676
2635
2821
4941
9421
7349
2760
8483
5397
751
7726
5320
9316
54
9804
2389
769
5838
8848
3673
22
3911
8205
8032
9576
2203
5124
6815
8830
7500
3741
8172
3872
5768
2398
8310
4291
9843
106
5903
5607
9479
5082
1015
10198
8571
6610
5682
1469
1425
500
3467
8306
10061
7865
4231
5808
5833
8242
9954
6326
2122
1402
3324
5813
3122
2050
8137
4657
3261
6870
1892
9074
4824
4196
781
5728
4370
3241
4924
9170
2440
10332
5239
6387
2470
4948
261
4539
591
4042
9015
4389
3462
6574
3161
9861
1717
9004
5741
9489
8234
8334
9976
7549
8091
5348
8359
5125
9047
9619
6520
8089
519
3675
1939
5753
6462
1420
3217
6233
1465
6277
8959
9569
1451
7874
10333
9675
4147
2578
3828
3230
5230
9315
9506
9171
10331
1495
7860
9455
3883
4743
1968
1806
1183
965
7298
5245
10291
1965
6147
422
4479
5762
3108
9382
4081
4868
4099
6120
5512
10197
7163
7933
5966
5326
6923
7838
5735
4037
6402
8943
9296
9291
5154
6397
7317
9128
6549
7464
691
9857
5993
4803
9536
9769
4080
10021
3897
816
575
1163
3732
1861
873
1767
5847
9354
9142
7086
10222
7664
1267
8621
6949
1065
8274
5995
3055
6439
5602
9109
8545
6609
2076
7677
336
9892
5929
9539
6297
8420
7641
7827
7037
8296
3519
6781
543
6322
6500
3284
4480
4857
3232
10004
1816
7305
4284
1228
3905
8439
178
6826
5866
9448
4946
3612
2191
8481
2258
6791
4563
416
4672
2800
9099
4914
3461
5302
2300
9532
3155
9676
6017
6440
5386
3531
6371
3952
4884
6434
8692
9834
9507
2817
5593
6677
10129
3362
632
5194
7534
7025
1869
5087
1509
1846
7624
6873
442
312
8368
6708
3914
8738
9629
10179
6989
2867
7074
1821
1216
1138
8051
7051
6856
995
8788
4195
8418
1141
9147
6471
447
501
2257
1924
2501
3928
7773
4300
8049
9779
6521
3189
8964
2935
115
7941
784
5363
7655
851
1686
8148
269
7562
6262
8198
2097
4512
6534
4317
1345
7563
8635
3833
2460
10022
438
6306
1940
3944
1239
8287
3537
8644
1332
8369
6680
6998
6736
9723
818
3501
2476
9998
10324
3003
1273
3597
8083
2804
2490
3713
1404
5172
4005
3472
4689
8096
6920
7007
203
9606
3695
8907
6078
10083
6255
7966
7604
5210
9010
923
7102
1061
2586
1653
1347
2648
2093
1494
5612
6228
3811
5812
5212
2920
10144
7744
6071
6039
2853
7156
2437
2007
9013
1911
165
3719
8755
4266
8025
8576
3500
9772
9225
9858
9566
3150
142
8878
157
8779
9087
6874
6390
7606
3316
1100
5240
6654
7833
7797
468
589
4858
2503
10110
4967
5843
5761
4460
3291
8932
6919
6758
9398
3509
6014
5107
5205
5137
10077
9742
6065
2392
864
7657
10147
3257
200
5852
3868
610
3054
3011
5333
9503
9873
9173
7301
1474
8730
8063
6582
7319
1364
8406
1123
9054
10307
6743
9045
8288
4716
1171
5927
10007
5045
1560
7098
7747
8845
3655
518
339
924
5136
6563
3107
4047
5383
7214
5881
1910
3710
5011
6063
6806
6630
6866
8546
1890
5574
6924
5845
5905
2121
2591
6686
10282
4009
7195
1962
3816
8662
5598
7193
7467
5609
9926
2127
5828
8916
8794
3976
6940
9490
4535
1547
3410
666
8383
5816
8044
7997
83
2746
5811
7041
8189
8221
6544
191
4998
7469
6231
2941
6776
5819
10126
8737
9326
6080
9194
7879
9761
5840
1093
2402
7065
8230
1641
5152
5570
1995
2117
3948
7819
5764
3060
3991
1382
7942
4377
8997
2725
6510
7980
9106
624
6716
6046
3522
1479
395
233
884
6979
7069
3133
858
962
1051
1385
7367
4280
1743
1928
9132
3014
7225
6557
150
8441
6767
8960
8904
4802
8085
4570
4164
7261
8500
1557
9307
992
6148
3457
2225
3466
3191
1918
2364
2376
5207
7282
1292
5552
6318
6452
7284
3556
7701
7398
7932
4435
2139
3636
6082
9011
3029
2496
6768
7844
7888
7663
5691
5031
569
7285
4995
10169
8629
4719
504
8463
1340
4449
3129
2217
2394
3327
7652
7516
2137
4040
3210
7465
7346
2015
5810
5284
6200
1151
8210
6119
6151
5429
8417
8936
8458
4943
8432
187
2923
5096
7544
8990
9093
1323
9303
4111
9703
2736
7964
4676
8606
6839
287
8046
5287
3012
6288
6327
8351
6565
2370
5370
7078
9405
9593
6795
3095
2615
9254
1109
1179
1801
456
8244
9820
9513
9200
3543
5420
4525
7357
4364
4119
483
8599
4448
6964
9494
8673
3937
8321
6897
3096
3698
2797
969
2967
3652
1513
8078
7694
4963
1491
5567
8309
9472
936
4603
4178
167
4436
2639
5359
7798
1270
9342
4638
9891
4282
9379
7186
7476
10085
9546
3198
7217
10208
6109
5425
146
6699
5523
9705
3173
10294
7872
5851
1097
9005
5092
5498
2687
9175
5471
7323
9653
4770
3783
3856
8984
8514
6234
5887
1497
213
2956
957
3775
2192
9348
1007
8899
10142
5192
3548
6670
9068
4692
5057
5400
4191
3980
285
8341
7245
7181
6445
2433
7239
2546
1658
7161
1961
4461
6419
3885
2216
3666
8142
6037
9560
9791
6983
6069
3946
9837
970
2573
7440
4217
8579
6503
9190
3067
220
4808
7271
4055
7992
8911
4788
8535
3303
8569
16
1428
7233
6722
8328
8828
1174
1960
1472
7595
9912
8994
2978
4909
8273
3233
541
3419
9360
1511
280
9104
3617
2850
8176
3504
5791
1272
9459
9934
10131
4646
796
1792
3513
9789
9287
9359
10312
3624
1368
7018
7555
10328
7341
3651
604
6456
7973
911
2931
5637
6963
1421
10210
4432
2520
7684
1505
4156
5056
7990
2718
2610
1635
7100
5873
7707
8728
3616
1775
1670
3686
5052
6381
3474
6629
621
2527
7674
1415
7029
10102
7965
2213
9749
6140
7859
9289
2021
3936
5757
4258
4094
6849
592
9801
1699
1336
6927
825
9615
548
3420
5658
775
2414
9095
1249
8873
1262
7318
1437
1004
8237
25
5573
8836
1102
9956
2842
9550
7713
5048
2201
5074
4038
2214
3272
10100
8422
2377
581
6323
6571
10019
8007
7201
9370
8930
7675
7846
3062
8583
3311
9549
5313
8664
168
5086
5656
1667
2807
3830
4018
4233
6331
6809
539
2091
7977
8678
4159
5448
431
7962
6314
6516
1213
254
4723
9086
3174
9668
4470
7049
9958
10119
5262
4668
4609
772
7128
3350
849
9792
2205
1062
9466
4560
9644
9740
7627
137
6954
888
4488
576
5919
9438
6589
3619
10215
3821
6649
1856
7892
380
4458
2772
4796
8526
3106
5378
9338
7821
8544
8715
5013
2987
896
4457
2743
8183
7147
9009
2170
2825
26
5933
8890
8760
2836
4393
5756
4410
1655
2168
7946
9395
7634
9753
9919
8958
1704
2599
916
3052
4188
4107
3785
8897
9443
2218
6508
3102
8799
7008
6536
4066
6005
8791
4101
1914
1149
6273
8453
6272
8914
9846
4506
7494
1461
2704
8034
3372
8339
809
2594
7055
3430
3784
8699
7061
4592
4362
7822
2519
1445
7619
774
4567
5588
1550
5699
4400
9453
5729
3725
4349
8022
1839
6802
3942
55
9300
3772
4098
4845
5773
1464
3752
8870
6047
1859
1427
1
8241
2104
8895
2557
2522
2363
4927
3639
2245
5660
4230
2375
974
9764
5681
8667
8438
4874
5557
5730
1768
6620
7643
6584
8610
7996
5633
1862
3600
3289
10030
3140
9921
4428
9272
9570
5010
1378
2474
58
1687
9747
8776
555
8498
7176
1346
247
9165
1581
8732
8909
9578
398
7377
7514
4184
565
6392
978
8268
9798
7811
510
8065
596
198
2650
3740
9168
2395
1198
288
7474
6761
5472
8972
4031
5834
9071
6916
6860
417
3387
8131
3659
6602
8807
2750
9530
4318
8235
8717
1192
8931
2901
6422
7391
5214
6469
6222
1443
1693
9234
578
2096
2618
10148
979
4971
511
3767
7903
5413
8822
10086
3078
9915
10330
758
3172
107
3101
6221
3109
3281
6303
7746
8707
6290
6798
2504
7548
9324
2089
729
72
2555
7022
7706
10255
9477
1193
5404
1275
4204
2094
2434
9270
8744
6051
1353
10005
315
1301
4012
5345
6971
4273
4865
7699
635
3549
7576
8448
6853
4775
6689
2486
7274
4029
5502
2125
3408
5537
514
5132
5353
9288
282
709
10251
6007
4183
4242
7276
9052
3968
1133
5605
999
3929
1446
2462
680
5480
1477
3748
5983
6498
9381
948
8777
2095
9492
7347
8135
6841
1734
7414
8772
9603
177
2011
1069
8409
4881
2769
4121
4700
1808
9897
6648
6813
8682
1744
9580
1809
1356
2715
3865
6765
64
3036
1835
2387
2845
6048
6482
2059
5034
4002
7227
5160
3825
7896
3201
7646
8892
7109
1436
1208
1104
4702
617
4856
3318
5525
5747
5930
426
7784
351
6546
7928
405
6524
1514
2837
6775
529
1142
760
2274
76
8485
8452
9963
938
1084
8512
5958
10044
5019
6177
2333
7678
7611
5544
5798
8992
5371
4346
7471
579
10136
1454
470
2337
932
8003
9043
9380
5963
8286
4566
6570
7883
9582
6253
7724
6263
480
5826
8016
6340
4691
6771
7400
8747
316
6132
5960
2435
9818
5282
102
2271
6737
2637
3335
6460
2190
9498
7649
9488
9320
8127
2726
6072
1899
7845
5225
4087
10228
5684
4597
7365
2281
3117
8721
1814
3703
2803
5169
6396
8250
4553
9759
8986
3611
7483
6507
9746
4636
7526
1705
9138
7417
7854
6908
3374
7138
9377
9243
7949
931
10041
3627
7299
3480
3684
2823
6799
1173
9620
3
1221
9739
9333
7060
5222
9762
8302
7112
6312
1374
2073
469
8518
5643
3547
6183
3446
3043
891
9937
4521
5952
1503
3493
3875
9361
294
5204
4293
5789
6146
3596
2542
9150
3373
2142
6274
1063
6487
5180
7825
7167
7751
5802
7088
462
9803
7289
8792
1241
3912
6512
4826
1058
9591
4024
4572
10160
5882
9469
6786
737
9725
8208
9941
7249
6084
9430
9205
8811
1036
2193
4772
8322
5440
10107
5431
913
954
2030
3287
8185
870
1115
3120
5310
6333
7463
1613
474
6230
7924
8384
5189
4302
7056
7306
4832
7496
6701
2197
6959
8061
6442
3973
3443
8793
1578
7068
6123
7427
364
5322
8820
8869
9810
3712
5620
502
2074
1702
6163
9460
7000
786
4246
7254
2802
10261
9112
5822
1540
3035
6955
4399
859
1159
762
3553
1736
8674
5285
7420
8641
6428
10018
2269
7749
8733
6678
2129
7066
4341
7278
705
4344
1868
641
3507
6831
991
9025
4296
3352
9986
5864
9688
6650
1893
6990
6077
8846
9661
8173
4097
6316
9785
7213
3429
9692
2592
3231
9317
8391
8079
2608
4006
7397
3091
3279
10317
6667
9199
4751
399
4398
1155
5354
8110
8047
1131
7608
370
5351
736
1600
7210
6168
9700
3345
3082
3396
7918
9748
4354
10174
1438
5258
6358
2141
6999
8534
9221
6682
4550
6587
3814
9729
8555
3577
4340
2709
2124
6890
6537
6958
5693
9467
1440
362
4762
9950
7890
2938
6115
2401
10297
8066
9480
8074
667
1367
1896
1235
132
7671
5899
17
8209
421
6426
3100
9039
206
4730
10196
4685
7557
8058
5327
484
1375
5139
2943
6104
5485
9860
6992
9219
8151
7591
6105
7085
1020
4371
5583
9505
381
8585
7246
3557
5548
572
10284
4787
1489
6660
6523
2738
9899
7719
7922
397
4295
1597
5878
9598
9888
10235
4329
2064
3483
1807
10231
2560
8474
2724
5458
8522
1394
2066
3727
9925
7994
8915
5804
9690
5530
6598
10319
1030
689
2233
6782
9184
2548
8335
9642
2613
7328
4275
6342
444
8410
4992
1371
9407
5592
6675
1233
1964
5078
5911
7786
3884
4385
8169
8975
51
321
1387
6347
997
358
7761
1500
6869
1794
8504
5835
5157
4408
5639
128
6579
755
4769
6174
9151
5940
9923
926
4959
6410
9502
6344
919
8553
8690
588
509
5027
5376
8059
7720
257
5130
2812
4467
8349
8680
3728
7449
5118
3894
4100
1086
5486
4376
1166
10056
1974
38
9231
3810
308
6987
1779
9889
3635
2904
2996
4261
8052
9290
10013
3831
6703
6376
1053
7191
5825
3286
9079
8657
8795
2644
1761
3258
8093
3293
267
9575
1362
1215
5938
9697
3084
3760
2349
681
6690
1608
9602
4232
2400
770
4589
8344
1986
6361
3225
4073
6898
2764
4342
7750
7389
6600
2511
6343
2951
1148
4113
4602
2824
7658
8006
1300
7654
2605
1723
1786
5221
8557
264
9890
10043
5657
3843
6633
3187
10199
1633
4477
9180
4063
8108
5961
4216
3202
1230
5964
945
8812
4968
7971
7059
8926
7096
5129
2514
5143
863
2980
6269
9474
6750
5432
6594
4486
2877
8019
961
4106
2572
2691
3004
7777
7594
7114
1453
9731
9037
638
2732
3679
1287
9548
5037
5885
2565
7314
9981
7710
6502
3255
10220
9369
1170
2236
9683
7758
4561
5937
1157
411
259
8942
3323
9666
8042
5815
8708
7691
6894
6997
2983
3694
4734
8139
7542
4032
9774
9832
3422
675
2369
3834
8161
6490
5992
6173
6191
5646
4687
7584
6032
684
2575
5591
1564
6412
4484
1745
3601
6150
8652
9062
9242
9567
3118
5601
5417
5103
3704
6911
6766
8696
8154
5084
9516
4269
2327
1790
6067
6801
2713
7034
6542
5841
8445
2010
1610
4166
6400
2884
8055
8866
6596
8280
1952
5252
5892
2731
5959
7075
2509
6499
8584
8412
6728
6844
2702
6995
5582
3234
3499
8765
3724
3697
7141
6652
8694
3797
7631
4190
4070
8320
5170
9331
4007
4933
10108
6289
5382
9714
8390
2654
428
6258
9423
7587
7590
7607
4074
4564
5091
8523
9752
8953
5307
7477
10193
6730
6691
2533
1901
9951
5988
4929
2194
2260
10259
549
8472
2307
8513
9306
7137
5108
6624
5944
9292
8426
20
5902
6685
9826
7612
10260
1669
3861
9026
6180
4610
7689
6448
7725
10120
8619
2570
10292
7165
7433
9401
3520
620
9974
9929
10310
2367
4574
3690
4215
8021
733
3179
2921
9372
9207
3898
7236
2436
433
7363
4833
4940
9816
3235
10204
1224
9707
507
3954
454
7723
7757
7538
5859
1264
8373
3587
3195
5665
7462
124
8742
2917
517
1982
6073
10289
830
8029
1946
6473
7662
1390
623
1439
5867
6514
832
7430
2568
4335
8910
5209
1640
7215
5072
1376
9392
4618
8425
5410
8147
1236
603
6420
6214
7957
4240
10325
10316
5022
9261
8113
2413
6453
5299
384
7820
9681
8566
8283
9340
5971
4532
7283
3049
9663
7843
276
5918
8246
929
449
7733
218
1753
4103
647
4906
4810
4299
2461
9623
8480
5293
10243
4181
9384
7737
1342
1894
2655
659
9512
2270
5395
7575
284
2893
1352
2136
4836
3949
1130
4729
9435
8378
4202
5202
9636
2184
9312
3021
4793
8962
3818
6061
4726
8940
1452
9429
3220
9406
6556
6441
7919
8262
10072
8602
135
8111
48
8863
9060
7067
5917
9624
4265
6330
3838
7072
3439
2466
8691
6449
1312
1875
2013
930
8630
8861
6385
3213
6138
179
4883
3200
5664
9608
5792
9657
9715
2031
1908
9493
5148
5979
8187
2720
6310
1631
7174
7315
4936
197
355
3649
2602
7870
3777
1678
5355
5306
9414
6354
6941
153
3249
637
5372
5801
8226
8955
937
1532
6855
8371
7735
61
6095
508
2329
3175
8796
1885
5330
716
10132
3425
6189
6928
4690
5112
5814
880
6209
9525
144
8308
10066
1052
7936
8672
2175
9376
9034
9441
3304
10254
1884
2160
9884
2737
35
7450
7448
8531
7669
3452
9299
5972
1114
347
5138
3470
9033
6179
4536
3008
1128
3855
9719
8080
8103
3007
9561
3313
7168
9877
5695
2177
567
6364
3163
8036
9882
2287
9113
3391
9526
4838
5982
885
9985
9797
6136
1760
4922
8324
3941
9028
7565
5000
8203
1866
2564
8307
7218
2330
9833
2099
890
1331
8718
9913
606
5977
6752
9044
7705
668
6477
9456
314
2060
5303
3016
2441
552
1561
1344
4193
3645
662
4939
4745
6478
7880
4901
4898
139
557
1771
310
3025
3742
8075
2883
7638
9988
4747
5871
8186
8767
6555
9650
4701
8486
8729
4763
7107
5090
4531
8908
6207
1791
1250
8598
639
5856
3977
7407
8357
5198
2222
1516
7518
1737
5110
3401
9637
3066
6759
9297
7431
1966
10020
8748
6481
2428
4842
568
5928
6379
5482
235
5848
3156
6953
453
6245
5334
10245
966
3463
2176
9638
4011
797
7196
8487
619
190
9126
234
7738
7394
1493
6625
10037
6540
1562
814
1240
3574
1748
263
615
1929
4360
6687
10219
5067
8105
1203
8789
848
670
2815
3131
834
5880
7360
3671
3319
4632
10016
5466
8850
8489
5422
2888
7868
1519
2018
2781
6201
2290
9632
5868
5379
309
3263
6052
10271
6194
9035
8636
9022
5716
9213
1937
4234
7451
9556
7895
1873
7515
5497
7154
8477
9848
1277
10164
838
5051
6301
6250
8711
6125
6501
7894
2221
2620
10184
2126
6868
782
9743
6575
2818
5945
1551
459
2669
8436
1785
5332
824
9092
9679
5595
6593
1014
9470
9055
9265
7770
5794
9631
8471
372
5969
4154
8580
2357
4248
4917
6091
2705
2805
10054
1234
10095
3650
10081
7873
5782
3418
3776
9979
1716
3498
4605
9388
3098
872
3643
9787
7264
2331
9314
1219
3736
7589
4736
6612
1424
9515
9730
1450
4446
9122
5150
5539
5419
1728
8402
2622
9387
7288
7940
4634
732
3607
5519
7170
7002
629
4359
2948
3508
7136
1351
9349
3629
7830
10140
6418
6159
6195
1118
1408
10032
9078
4629
9662
9159
7202
10034
6925
10067
7553
4507
8551
8750
1711
3908
6967
6444
2703
3432
2505
8980
10217
7373
3733
4608
2301
5742
7164
8318
4789
2792
6733
7931
9187
9408
7001
311
5827
8192
4639
2410
6693
9129
841
6585
5636
4783
693
3087
6130
2
4110
1337
5217
8917
2771
3638
9955
721
2739
2567
1365
4030
9680
3798
476
6774
4474
183
8231
5439
9829
5020
7458
7005
3369
3984
9364
8709
5135
2600
4587
2342
846
7472
5806
1092
8333
8647
4049
4854
8400
4562
9183
9571
6623
608
10117
3986
4870
9543
6621
6443
7826
4468
3568
2289
9115
7835
7602
8499
8121
9123
10017
4522
5535
5324
4511
7396
8810
8951
6705
10265
2186
9510
3906
7732
1033
2513
5932
5308
3532
6578
9076
412
7486
531
7003
8620
7383
10279
5077
7769
3349
3971
8588
2910
1674
6735
3585
6307
3792
172
5758
5916
9796
3376
42
389
9851
5178
1413
9017
6185
5509
7126
8045
7661
10123
5721
6362
401
6720
8155
7399
6947
5093
4014
1027
2662
9049
5173
3411
3445
1757
9677
1609
5455
7525
2334
7230
2982
1659
513
1260
6854
8196
7356
333
116
9670
3835
6315
4799
1690
4937
5648
5533
123
241
1959
3242
9935
2690
5550
5898
6436
3918
6935
1407
300
8723
7232
9172
8342
3487
5343
4475
8017
6509
99
346
4108
317
8050
6382
3169
8609
749
1401
8593
1315
3116
5649
1381
293
7083
6424
2537
478
9325
6545
4214
3455
2039
278
4606
4568
7111
7978
5441
8407
9235
3850
7145
8734
1925
9149
2116
4975
8284
3801
9256
1763
2360
6922
8756
5973
8918
10109
8831
927
2442
1576
7766
9716
9533
2212
5565
8158
194
6356
3442
6780
2879
7006
5421
5186
1512
2075
559
2846
3625
3882
5718
2489
4890
5508
6265
8204
3669
9096
8628
9203
4462
5449
3766
7105
8292
7556
5290
9867
4129
903
4510
9090
7219
5208
6282
8549
3642
7939
7794
7683
6655
4944
8937
5529
5459
5099
6754
6117
9589
10194
7182
2339
6528
9063
1080
1812
9585
8168
10045
3048
1013
2128
8143
9886
6936
7956
1305
2612
1752
2990
1204
1681
1003
3489
9073
6009
2153
1601
7263
1945
2773
10281
325
6268
7194
3453
7806
8640
6883
7211
690
553
7376
9174
658
8188
5309
674
2399
8648
1661
3878
7369
4983
1660
3983
3588
4780
7815
8882
7648
6311
3171
8556
9694
4171
5897
6543
8311
6097
6613
7763
5002
6021
31
4255
4523
3561
5457
3621
3404
10137
2308
1593
467
5305
10125
7832
2733
2679
3799
6838
88
7024
2493
994
7716
10311
8973
1819
1849
1976
9686
7882
2359
8542
8297
8370
3716
1799
3192
9302
8456
6106
1999
4333
6020
1874
6266
4105
3269
9160
8122
6732
5116
1526
7814
1045
8214
2603
1498
8969
3020
8797
9002
493
7039
5254
6121
4711
1766
6522
1897
2880
6640
5402
4010
852
1604
3613
6902
10221
5088
7912
340
9117
4533
2552
823
1947
9233
6656
1675
7824
2716
570
2962
5495
8503
9524
7783
4262
5335
8985
8818
1530
3813
458
7653
2506
6797
4451
8492
8465
10057
8120
9069
9527
9012
8072
1060
8900
9949
2273
2150
2253
8752
327
7718
4582
3119
3132
2385
6968
5618
9777
2210
4000
558
3343
93
9840
8592
9721
9053
5428
6246
6181
5292
6435
1488
5267
1836
3854
7600
9876
9965
7743
5709
6772
6875
335
7480
2855
2942
2598
1701
1393
3018
3237
9108
4264
10
6569
5635
847
9464
7578
4290
1755
2438
2745
5342
4900
1311
8177
1845
4527
6789
6012
2957
6459
10082
7452
3214
6938
8684
3110
7842
1466
9418
4241
5070
1787
9997
2338
4465
4294
8356
6576
9457
7852
952
5467
7171
8201
815
5677
8787
5671
4226
8963
3093
8174
2016
1645
4613
1286
4057
4725
10250
3945
6337
2551
7781
8326
1210
4637
2711
3670
1120
10249
9411
5424
7459
10087
5460
3566
4756
8782
5779
532
3127
7993
2909
6718
4931
9266
4236
10286
4272
3682
7388
2574
2132
8232
3920
5818
9850
8086
7688
9901
897
7812
2954
2240
8443
7507
3028
7010
9268
6476
9202
8785
5256
3570
3416
10257
2046
831
6792
1941
8809
8367
6040
2003
3919
5478
6293
4172
731
7057
10167
7917
3402
8361
4509
6216
9656
5191
8386
6224
1307
8276
8798
2891
159
9887
1979
7509
3739
5315
871
9907
9961
898
7446
2444
272
5797
2286
1214
8758
9879
9050
2494
8130
1575
8360
5723
9120
9630
5004
2427
10256
6092
2955
6409
10188
9385
2969
3630
350
5375
5915
8348
5231
5518
7858
4571
8118
4058
7253
9164
9535
4312
1081
4271
7831
8658
2000
7370
3278
63
8527
3040
1338
9425
8084
7967
4861
1361
1470
794
1389
7849
7358
6232
9868
3762
886
811
7166
5165
8490
4395
6603
5931
4551
3264
4298
3963
15
6062
8128
5920
3292
4059
53
6885
712
1648
2834
10156
98
77
7708
5055
2230
8125
593
9089
4923
9417
4537
6042
1615
8216
2215
10224
8252
4065
6190
7583
4654
3338
9900
4427
990
10246
3368
8988
5181
7189
3545
4332
3787
36
7401
5766
244
8312
6141
5641
5760
5521
8981
7466
1282
13
5627
1139
4795
9864
7983
5604
9910
9558
4437
2580
6164
8291
9228
6416
5296
1673
2024
6907
904
5142
6988
5669
3296
1303
8352
8600
1028
6517
7517
3223
8433
1194
9018
9874
6053
245
8974
6261
643
7938
8817
850
4846
6694
4127
1462
7270
536
2229
4283
8227
7969
4420
7925
1251
8875
2944
10306
1388
5701
5263
840
3031
6227
3702
2455
3632
9871
3059
6590
43
6960
1457
1258
5545
6821
3578
2658
9547
9781
1005
9970
6394
2372
112
10064
7258
1432
7208
5442
6713
7490
4227
8238
8839
6127
9276
5890
4812
3193
7501
2431
5799
9091
1059
3939
2651
1449
5203
7135
6614
5623
2443
4987
6202
4538
6887
3330
5179
2671
4237
10011
1339
5171
7637
8655
1458
8005
877
8949
3177
2840
6704
9404
1089
7690
7345
7765
7729
9344
2968
2523
6239
9863
6918
3770
2107
3486
8202
10091
10262
6864
9463
3858
6513
9614
3768
6284
9154
4116
9148
7929
8501
6345
1829
5301
2630
5666
4947
5554
3180
10290
9222
5886
6161
1399
271
1283
6167
3206
5734
4682
96
430
181
5980
5484
6275
9771
6446
9806
2034
5650
2748
5626
1383
5553
7177
8725
977
2056
3688
7438
5318
3267
5159
3448
1636
4649
2396
2318
7281
5083
5162
9994
8190
7032
7320
6857
10116
5853
8814
8743
7287
10327
3146
2340
1784
5564
9799
3917
7310
3528
7209
7740
5053
8995
3773
7206
5748
5481
7123
10241
3328
771
2450
7470
6845
10300
5168
10157
6491
4489
1320
4804
2930
3731
5407
7416
9378
5551
4514
6220
8624
9881
8364
9554
9352
8136
134
5061
9119
10280
8957
710
7070
3931
605
9659
67
3042
2255
3771
3841
10187
4776
7569
4416
5474
8275
10176
3005
7336
6865
3071
7552
2033
8919
4104
3282
8764
7455
9246
3925
8638
4387
9673
7782
7686
5673
4653
6886
4205
3540
5338
946
9800
9485
827
5670
8023
7491
8411
8267
3859
2319
1643
6755
836
2538
471
9894
5156
2607
1721
636
9121
4144
1481
3676
7116
2345
4155
3795
4091
1333
4124
10298
2640
9237
8098
3947
3428
8239
5578
7192
1284
7342
5201
9191
4281
4259
10308
5248
3260
2583
5786
2924
2742
7687
7727
7823
2830
2960
1599
1499
935
7546
5196
8295
7294
3863
8511
9586
7926
7566
2765
365
2179
1099
9989
9973
4991
8159
5288
3384
2491
955
5832
2753
7063
9813
378
921
4158
7235
9471
4472
6124
8800
2751
3099
10178
7795
7366
561
21
4380
5111
6004
2147
4336
2079
6407
6814
2133
5625
1778
4490
4673
8057
9906
5703
3877
7774
5161
10182
6219
5901
4373
5908
7742
5300
869
6375
8857
654
4882
5347
3755
9048
9032
1252
8838
7309
9588
9655
2048
1822
7308
2870
6401
925
4322
2452
7015
9189
2457
7173
4
3414
9335
7297
9708
6287
4478
4430
8011
6700
5783
5024
3002
1476
4267
10258
3542
2172
9557
4753
5401
2881
7437
9647
5218
8377
5228
6657
9572
1325
1502
7444
4243
5134
2418
989
5268
3347
5547
9156
8586
2757
6464
6819
4381
8054
8199
5244
360
8028
8582
5654
7268
6777
273
5085
6188
1703
9991
368
3693
2262
8877
6921
10203
9422
2062
9766
3244
6060
1106
2183
3550
1400
1594
6721
5453
5295
5683
7692
764
4476
8703
3114
9773
4249
9230
1944
4270
3251
6899
7160
515
645
4524
8213
3535
2374
1729
2447
5975
1043
414
3186
3927
8245
912
7231
9157
2118
7702
2488
3967
2819
3360
10103
1107
34
5713
5462
8532
1039
754
7511
6291
3823
7863
2906
1776
1803
2278
7697
10244
6636
7016
7337
8347
5005
7623
2379
5131
1085
8338
4253
5994
7948
8601
8229
1580
7665
6748
2556
2306
8094
9454
5606
4604
1612
1078
8666
305
4600
1637
3363
968
3407
4492
7580
3826
5233
5041
126
7419
10071
10295
5246
1727
7031
337
3000
3559
7945
5454
4956
9545
1823
5823
6803
2761
1341
8102
3357
2790
3930
5273
522
2529
9722
7642
4781
10172
199
4958
7934
582
8457
7473
6622
4175
5562
6671
6526
1709
4025
9362
7593
2986
7885
9462
1665
8879
163
3753
4744
7741
780
6529
4192
4979
3377
807
5967
2479
1206
4050
6666
9845
9844
4061
3344
4130
1568
4785
6525
9192
663
7536
3346
6787
3371
1070
9450
8517
224
5875
4697
1722
5743
4759
5224
6217
237
5775
2577
4019
7667
6292
5242
4316
7216
8153
2828
6707
1016
7435
8271
4978
8178
6847
7312
8365
4053
9660
4760
186
7959
9855
6
3061
7327
5119
3804
6044
3246
744
644
5726
5921
1380
1257
8505
3517
804
6486
8702
2749
2796
1549
7073
2841
8886
5640
10038
5255
175
5164
4757
2487
6049
3779
7443
6483
9957
3145
4620
5771
8225
8331
2195
7159
1563
1153
10014
8073
7307
8642
1854
8446
779
7021
5331
4962
9309
7704
6028
9980
45
7410
10192
1981
225
9155
356
4731
6022
1746
8594
767
73
3633
4337
917
9646
9111
2228
5974
920
4418
7354
1774
5925
7411
5754
7129
8430
9754
9356
5926
4951
1263
366
1334
9394
8573
4761
573
7267
8617
9828
669
2913
805
9823
9710
9298
8639
8261
8167
7599
4165
6283
1677
4134
9744
2989
9286
4542
9521
6909
10033
8520
6606
1622
3709
993
6256
2625
618
2539
375
8761
8215
907
4311
7913
7279
1042
4588
2905
4431
7871
8562
9622
6646
2465
2268
8423
166
3871
1073
451
7157
10275
5896
5076
9198
9741
1448
1970
8294
4120
9461
2642
5493
1304
7848
7130
4717
3979
2634
9909
6145
3136
3614
6455
7801
2351
1595
4450
4276
5924
2077
10180
9278
7052
8124
6712
4728
1507
5014
1463
7618
6395
9431
3572
9577
318
1026
3887
8510
6830
9904
5063
4028
5050
6991
6494
9667
2624
1484
6711
1021
8701
3329
8989
4749
8961
5211
8615
8228
3781
2361
2295
5580
8999
6210
3808
10097
9182
9042
3569
7521
3756
5668
3484
9000
5780
5719
7103
4307
6249
512
6197
7429
7492
9212
5575
3250
4146
9947
6642
8564
1867
9350
9520
3205
4735
5560
6388
5817
7535
8541
1654
4330
5283
3490
2665
2178
9916
8040
2507
8679
4635
7764
1265
9259
1887
1688
1289
7380
1587
5769
6994
1586
7324
4277
9131
3088
7260
1124
6417
9911
7614
2467
1715
7717
1825
207
9712
3331
9357
7442
1857
4994
10165
5702
8442
4405
3121
3167
4585
2276
8623
5
986
3935
1245
7937
9849
2100
6672
4707
10334
542
3454
6309
6447
640
6818
9075
1996
4565
1302
4710
6739
9724
2854
6727
2717
6403
155
6734
5394
883
910
6515
1539
4455
4916
3070
2405
7155
1147
9939
4575
10335
3961
895
4942
8260
7712
3481
5674
2430
2020
5968
9327
1326
4220
902
8394
2277
410
5869
9966
6808
10155
7124
791
2220
2890
3321
6313
174
3017
8669
4680
1317
9581
8565
8661
226
8710
1180
4615
2775
9495
4208
6055
6637
2631
6731
130
2157
2045
136
3802
6160
8687
3869
1487
1318
2498
5403
8740
9214
9862
5711
250
4415
5028
9807
3083
6975
295
4878
980
3915
8398
3654
4782
296
2259
9596
104
867
2130
6100
3427
7853
4694
971
2411
5704
5278
5241
9400
1582
7226
9960
5418
6267
9038
8191
3259
9903
7158
3354
1975
6087
9158
161
10190
5846
9433
1732
4534
8037
1329
8150
9196
2663
7927
5251
9531
7148
8414
1572
5260
3081
5707
1095
9098
2814
7767
9031
10079
6226
8824
1426
10036
9999
7756
9758
6784
8038
3689
8706
3315
3589
4573
2678
2358
8835
8521
8053
7981
752
3473
967
10320
7573
9135
9341
9255
8539
878
1930
6957
2898
5914
7999
6008
2518
7554
2088
3681
8977
2499
9478
7513
7909
1435
2135
7221
8156
6070
8612
9590
2032
9245
5447
2526
7042
1991
2512
10027
4305
80
4739
10240
6241
3965
7313
9555
4379
3333
2698
60
8676
1749
2449
6881
434
5689
1297
7533
9439
1188
4334
1185
8741
6842
5253
2755
8097
9447
6562
10058
286
3997
10042
9778
4174
4285
4162
4784
5676
5479
1714
66
3024
3166
19
4365
3027
8233
243
2784
6778
4137
817
602
8867
10163
3325
788
9094
1570
7329
829
6541
3144
7698
2123
4955
5006
9391
2590
2368
6505
6019
6559
4647
6558
1442
4867
6900
7881
4459
4800
1271
3203
10104
8965
4591
1741
6715
5784
6389
8859
4873
6139
6186
7577
6533
5227
9640
4301
5341
6788
2876
586
2162
607
7893
52
9756
5100
1987
7409
2373
4746
8889
6360
8751
650
3514
3839
2012
4752
8459
4768
2238
1804
4718
4487
2087
7550
461
7670
455
9728
4529
679
8559
5739
628
1200
5434
4872
1882
10225
8132
4022
2158
382
9215
2384
7884
8434
708
3364
6944
4616
8327
7503
3851
6030
7564
7803
9083
8653
4198
4201
6888
4849
1022
2852
3527
1588
6861
7131
10134
2540
4027
7615
6929
7988
6011
8141
1725
1024
8395
4386
5298
3006
122
1041
9077
7348
8790
9434
195
246
8256
9248
8978
4306
3754
4945
3126
5949
7047
7907
9718
1098
2515
4219
9541
9185
8496
4117
9465
5865
8950
697
5488
4952
4326
6851
8450
8013
6472
8614
3271
3796
7058
9046
374
2391
5857
8149
4347
4126
2275
9643
9051
4495
4257
10133
8270
9618
8625
7076
3314
4013
495
1912
1558
7423
5362
2146
3058
3300
5163
3398
1044
6457
2866
1274
2429
9838
3876
4356
6192
5226
4131
4601
3678
2502
8934
2244
6454
10234
9613
2536
3747
8893
2908
1917
2865
4798
7951
3552
8337
9105
324
9831
3726
8358
2530
6198
1627
7805
10111
3789
656
4686
3888
6905
2353
3094
1046
6719
7381
5632
9824
6518
1225
6154
7829
47
9674
9181
9436
230
10229
3738
8929
6770
8265
8088
7586
7695
9383
8387
8633
8540
6470
9996
4932
6664
6601
7796
882
1182
9166
10128
1506
8689
9
204
8259
3158
8714
9019
6006
2232
5714
5166
6033
1877
297
6171
9763
1591
651
4453
5985
1569
10099
6425
947
3530
1606
2485
3538
3073
6828
5690
6045
5328
9281
3385
27
8289
3765
2782
1538
5126
9176
6252
10115
9140
10296
4413
4351
6843
7816
5662
6943
5510
8451
8896
5750
5947
8408
5765
7935
2779
6024
5079
7485
5437
5187
996
8597
5177
10063
5788
7405
10060
7779
9805
9137
9375
9114
4724
9177
5469
4670
2744
1181
3618
6951
5081
3358
10263
6383
8388
9511
10206
3297
5522
2084
2313
8757
9814
5546
1938
520
8460
8808
6608
9023
1542
2844
9735
8175
319
8170
6586
8076
9249
2571
49
960
7439
2352
8305
3010
3197
981
8533
5094
4767
6837
9902
9116
7187
2156
998
9649
2680
9671
376
1651
3511
7243
8675
2861
6635
2110
6638
1255
8780
7108
7923
6930
2820
2926
8399
3526
7532
1796
8519
3990
2785
4421
3348
5167
723
523
3326
5831
4345
7361
6466
8382
5465
5291
5506
1543
8543
6050
2415
1639
9269
3342
10029
6812
2086
6823
3889
7850
6184
2788
8727
4624
4640
7090
5883
3168
715
5893
4491
10015
8868
3717
4988
7190
2224
757
10161
4792
5073
4895
7110
7121
4981
6665
8001
3388
2961
3529
1664
506
2227
7540
2303
8126
3050
8248
8478
1706
900
5265
9139
10010
1662
528
8650
5325
6081
8340
4140
3053
140
9064
7255
7222
6539
8762
901
4980
2138
1616
6324
1079
4815
8970
8530
2619
3013
3023
745
