2541
2431
160
2462
2204
2363
1248
1811
2638
897
1842
1532
2853
1865
538
2913
967
269
745
430
2717
1799
2769
699
2487
2862
94
1980
2459
1439
841
76
2263
1061
688
531
289
71
518
1890
539
781
2793
910
2163
1355
2962
774
2410
400
1484
1757
1029
2892
2856
2933
837
1619
1544
674
436
2399
2422
1859
763
950
238
388
754
367
1917
1088
1841
72
2259
141
2785
2382
1837
2017
2345
75
2875
1469
2778
982
2466
1152
994
1530
309
629
1522
2488
1758
909
670
675
2470
2881
1815
904
431
2211
504
758
174
1468
261
2930
624
1470
2377
3
1397
198
244
158
1976
140
1195
1129
2870
2492
35
1062
2570
1573
2784
1776
1862
2381
983
2941
1716
33
498
1241
1730
331
711
2406
1603
2353
2294
1762
1081
743
2480
1440