2624
212
589
1852
3
2049
1160
1162
1326
584
2596
1280
2695
2826
1914
1154
998
1739
718
1339
2388
70
1818
1224
2743
1064
253
1354
1512
2218
1110
563
1983
227
1941
2654
1388
425
1550
1793
1968
1281
2166
1570
2123
2628
1068
2766
2513
1012
1469
1959
2151
313
1605
230
925
1022
1062
2588
68
2924
2480
1200
1823
1856
1574
1061
956
2183
2037
67
1710
1899
1546
2573
1460
2134
510
734
122
1997
197
666
671
892
2330
1723
536
1741
102
1252
260
890
896
1266
266
529
2279
72
2859
1023
2223
586
810
2914
2548
116
1943
66
2909
1893
2449
496
587
411
1509
1443
1089
2771
140
2148
371
2285
2516
1601
2493
1003
1088
2740
1946
1684
502
808
654
1131
548
2261
866
1139
699
2018
2894
2965
1484
647
1279
2111
391
1129
1942
1780
156
2384
2217
462
937
2081
1366
2862
1655
2760
669
1714
1297
203
1232
2392
595
2006
1951
1752
1747
13
2571
2910
1668
747
1849
2382
2670
2213
2095
290
1727
37
1929
218
1566
1811
867
2832
2347
2442
1395
2946
2293
709
770
2938
1985
526
1414
1697
917
605
2633
409
2794
583
162
1524
625
2004
1775
2140
1065
1880
1356
1821
569
746
1878
1167
2896
824
2278
1813
2349
1629
2502
1057
2063
2927
459
1559
2514
2036
2136
2399
1711
1633
578
575
1199
2545
2079
615
2087
2197
798
136
1332
2440
183
1994
1095
2333
442
1885
357
278
52
672
1077
1591
1945
1904
1937
897
1442
1976
723
2885
2629
2204
2403
2878
1128
2690
1007
582
1615
546
216
704
533
2370
2249
1866
875
2800
2552
2104
598
267
1666
200
385
535
2722
2647
2920
131
2921
1677
1831
795
2275
186
2840
1438
732
926
1608
2748
398
614
2115
1054
1427
1501
2967
2105
1922
2033
2556
2227
643
2784
1826
2016
488
2138
118
100
386
2531
1159
2334
2673
1801
1753
2221
92
1138
289
1949
619
2486
2880
8
2653
1870
2610
1314
2408
33
154
1680
1341
184
1452
1863
2085
1755
225
104
822
679
1798
2076
966
1336
475
2112
1927
54
1688
2735
165
903
986
1607
491
2911
1638
1362
997
2964
1322
2457
2143
1790
451
18
1529
894
622
2373
607
928
796
1258
1602
1219
1327
435
527
780
1717
2769
1589
298
1049
2577
2014
1047
1206
639
2057
364
1504
2636
2855
2895
833
2559
761
1198
2912
797
722
9
1173
2971
113
550
1410
1510
2028
2666
2809
5
871
2527
2746
229
263
2172
443
985
1757
193
740
1894
2576
2549
1241
613
1334
272
2819
2257
662
1370
1424
1155
873
58
523
2094
2385
1274
1382
2101
2310
121
736
108
1400
1213
454
1627
1056
1784
168
237
741
2371
2582
135
2452
1539
1791
1569
1989
2064
1762
155
2668
2476
1437
2171
333
2160
347
2179
2060
596
677
775
765
910
301
1195
1761
2422
65
2241
2632
1600
702
1299
2461
2591
452
1069
2889
504
2538
1389
1090
1272
2908
1920
686
2851
256
1799
1586
87
2280
2643
1549
1768
1622
2814
2671
1060
2224
1433
568
1670
1657
166
2092
552
217
507
1980
1074
1892
164
1434
2303
2609
1230
1957
767
2599
1503
2915
579
553
1930
1674
2117
1475
1572
1612
1117
1352
201
705
975
1890
996
430
1538
1785
2252
2398
2339
474
2437
950
670
2233
2561
2471
2048
1552
2113
1344
34
2510
863
280
1667
2825
2657
2389
2780
791
2052
223
921
1371
1565
76
2675
1979
1617
2497
145
2672
787
2867
861
47
2400
2674
1027
1939
1938
194
2254
2156
2656
879
2660
674
857
1079
664
2309
2891
2645
973
658
2184
763
1345
43
463
2080
1764
1283
2434
698
316
1220
840
2015
282
1205
365
1759
1289
1908
854
2854
1533
1405
2637
1736
1180
762
2368
1087
2818
1228
2427
1478
2767
1444
222
837
708
1536
711
2412
40
1273
1376
681
1418
1738
2284
1621
1000
1996
2875
1416
2450
2900
48
1367
455
2039
1426
2019
1292
410
2498
1896
737
882
1216
489
836
1042
112
1222
1599
323
2425
1474
2572
2068
715
1769
2833
2837
2805
1924
611
1626
2942
2070
1993
2683
2128
32
2631
1011
2407
1243
1303
196
1868
931
16
891
2627
1616
185
2464
2623
2367
1788
2529
1182
2125
2793
1487
306
1193
644
2478
2378
210
471
621
1233
650
1843
2584
2141
1575
509
1690
56
1010
2523
919
585
1039
749
2870
133
2364
1417
2335
2212
2354
1058
2585
2467
1901
1840
2869
209
1123
2812
2381
2137
150
424
1642
1360
2346
1542
1202
2917
1779
558
545
1235
2817
1794
2237
2001
2959
315
2186
2693
1964
913
1640
656
1839
2361
2717
1965
930
1898
303
1987
215
465
2620
1646
2747
1647
2866
713
991
300
1786
1817
590
1500
174
617
1797
1240
2248
2688
2773
2027
2541
2803
468
2739
1147
2488
1179
703
841
856
878
460
2579
987
2813
2730
105
1685
549
1767
1264
1311
2592
179
1477
492
1947
1325
660
2835
1718
1700
1490
572
700
2010
1237
1853
2265
872
800
2788
1526
2587
2749
2750
1384
2239
1515
129
2768
794
2078
1488
530
870
26
1164
15
2484
2250
2083
821
1641
908
340
2702
1447
1425
2907
299
2139
601
868
1026
1639
319
2202
2617
1748
1918
2936
1935
241
2198
1210
1153
2073
2345
403
1300
2047
46
2733
2366
1527
2931
2255
2520
766
2714
1463
2350
311
2343
1189
924
1386
1528
2185
7
370
2563
2319
1008
1118
2109
2243
2075
2685
2190
2119
1854
730
2802
2857
1112
1846
2444
1967
198
830
1834
2736
232
441
1081
554
49
2618
2777
779
422
404
2697
1254
414
1807
636
293
120
1107
2316
638
2651
2844
1903
1511
1034
2149
10
2700
570
2362
2376
849
2913
295
783
874
1751
2020
1547
929
1609
1902
2604
1043
235
1683
1359
1958
2701
2093
851
2155
641
1404
978
1119
126
1855
2928
1763
356
748
2779
202
1792
2084
381
1540
2550
318
1832
324
2017
1812
2483
132
2205
206
1350
2658
2504
2040
565
2860
655
1910
2608
1063
2110
911
73
1869
1244
2100
2858
20
932
320
1505
1966
2191
665
393
1329
208
2260
697
177
2626
2296
1067
2487
2414
2941
1489
1492
2652
2292
742
2253
2311
2108
2619
1911
2962
1743
27
1187
2823
2526
2729
750
450
2405
838
1585
789
957
728
2056
388
152
353
2188
826
1151
1143
1369
1441
1466
176
1664
96
2957
547
2215
464
349
512
312
389
1733
2337
1879
2575
2597
2796
2607
1429
1977
2553
1163
1387
941
350
2639
45
2097
2046
540
2692
264
1537
1135
99
499
1127
2947
922
244
2479
1728
1628
1541
958
2521
564
2731
1660
1900
231
2728
191
850
2118
2765
2418
2698
2226
1535
2391
2300
1157
128
914
2259
560
1675
846
1921
2759
1632
517
1028
2071
2807
753
1197
439
146
2569
79
788
983
1133
1177
2606
328
2206
2413
521
2482
2000
2640
2386
1361
352
1140
1707
1124
331
2738
188
2564
1558
577
2934
1698
1318
2126
479
2086
876
1208
2468
1610
2508
257
1381
1696
245
781
2267
1156
2868
591
107
363
2774
2622
1304
2264
859
952
1740
437
1978
2163
1915
2124
1531
803
111
1494
366
2419
1673
2332
211
2625
1598
616
1247
543
1555
2751
2753
1324
1778
2363
2705
2834
486
2026
251
1822
1286
2525
1881
214
964
2963
2312
97
1435
2589
2174
2580
2763
1676
2298
2799
457
2269
305
1393
2294
2035
1706
447
524
2966
2932
933
159
90
2648
2225
2288
30
292
1038
1534
219
2815
612
2103
342
2317
2543
2517
359
2365
387
1190
720
2159
1963
2969
2782
461
1557
1620
1862
181
1891
1144
1461
1249
395
1255
771
2055
2383
1562
2122
2446
2758
505
1634
1850
259
1455
1777
1770
2195
1181
751
2821
1217
2871
497
117
21
793
2961
772
2770
1093
1905
2893
508
2816
2877
1328
690
78
2567
1829
412
555
1021
1436
604
1623
2663
2528
1506
2790
2554
2372
2025
337
2181
2331
1782
1033
429
1625
2828
1186
1663
1883
754
902
829
1516
972
2030
1679
275
2034
2029
992
1553
2232
816
1514
828
2219
322
2313
1857
2318
180
1872
1988
1227
738
571
2009
551
1312
1453
2635
314
1470
1462
436
2304
1729
1582
541
2897
877
2710
304
980
2424
1691
2943
2970
1293
1122
1590
2277
979
1015
228
163
2431
519
2456
2954
2849
1377
2848
2458
858
963
1842
83
2307
2689
1787
2322
1651
2164
2634
678
2583
1246
667
369
2861
899
171
1656
1992
147
2783
1103
1114
1268
2448
2558
1955
1263
470
2699
2453
2937
1408
627
1703
367
1050
2475
498
2455
1399
469
354
1423
1662
1343
2593
692
1431
1319
1716
2050
1913
2102
1125
2146
2565
1630
2537
1507
962
2131
2209
2043
1175
2727
1413
1204
503
1307
2229
2754
1320
2677
2236
1624
990
2785
886
2801
1876
676
1446
2511
1269
2032
2355
2473
2173
1725
663
2756
1916
2340
1694
820
1861
2581
1298
706
399
2358
1543
965
1150
2012
2662
1051
2274
2852
380
2415
566
2167
1481
2325
1756
233
2144
1521
1098
2715
668
2519
900
696
2929
1960
653
1858
2830
39
823
2876
2723
2472
2469
2939
2194
1006
2824
785
1091
1391
2074
1561
2273
1953
839
920
1795
559
628
1579
756
2023
138
182
274
285
1146
2882
161
1649
1471
1497
246
2314
1191
1724
827
537
1806
2881
2230
1102
98
317
1215
2380
224
1333
1250
81
1092
2586
1781
630
334
2262
1302
2879
2679
2919
1214
1479
969
2616
1331
1726
685
271
2406
1925
942
1342
170
36
2439
2703
2051
1618
1518
522
481
1931
1973
284
243
1766
1148
946
453
2853
1847
2664
2534
2492
574
1406
945
1485
279
2661
1278
270
1020
114
2021
1884
2829
1576
869
847
2485
834
2290
1432
143
149
2282
1735
2326
918
2706
916
127
889
296
2305
1577
1734
934
683
1316
428
2090
247
2435
1693
1170
115
494
2235
2401
2301
1456
544
1730
2258
2256
1323
2299
1036
506
799
2930
2207
1970
1835
2904
485
1346
1209
1239
190
2396
1950
2211
1231
408
623
407
134
2948
1611
2416
1750
1907
1066
2088
1271
1999
2950
394
1365
142
2719
1692
1261
1644
1097
1702
1851
2359
680
1251
2667
1338
2507
2328
2168
2038
14
2960
189
53
1340
63
2077
2925
960
467
2377
675
1650
1928
2806
361
2106
2797
1309
782
2720
477
2923
609
493
2044
1986
951
1719
845
2903
2792
802
1671
2454
725
2059
580
2795
2441
2251
815
1944
400
2791
2600
2602
2297
2505
648
1451
1337
984
1661
137
2665
610
397
1523
2320
1415
1259
158
714
1713
396
2726
148
2114
2741
805
1464
0
207
346
1472
1720
2421
2460
2268
2024
1454
130
19
1672
1014
1253
2901
2234
2612
1882
360
2324
1457
1017
1211
476
695
1749
717
2375
594
2022
1588
2428
1130
2704
1116
434
1991
1919
273
994
1185
418
1816
1888
784
2725
25
1287
2145
175
1889
1909
880
2132
1029
1225
2150
1912
752
2404
490
948
2898
1108
1563
1449
1052
1053
852
2546
2888
2007
2778
1468
1972
2798
2566
1176
634
1705
1401
2082
1686
123
449
351
1037
378
2281
2291
807
433
905
1106
341
204
831
2463
2162
448
2158
348
1306
2644
1864
2757
1776
881
606
2308
993
2216
2058
2491
1681
982
2594
825
842
2061
955
915
1865
1445
2522
2069
1917
968
2721
2387
2686
1654
2214
1754
2196
865
1031
646
640
255
1394
1375
724
339
249
2696
2744
1827
1836
101
2276
472
2091
2827
2266
1100
294
1721
438
2433
1385
405
1502
817
1465
6
2474
1428
1824
2178
2883
1940
1121
2838
2724
637
2874
1606
1744
2465
2539
1296
970
2121
2887
2352
4
2177
2289
1687
1048
726
528
1335
1971
687
1353
2621
694
2286
2240
2499
1603
2906
310
1440
744
2953
940
853
1076
645
1284
17
1115
1580
731
55
939
2944
1392
515
1678
804
2839
1315
2951
2341
2892
1409
2402
1380
2193
2787
2712
557
392
487
511
2462
420
41
1760
2935
2605
2533
818
2423
689
2443
2958
2922
1196
269
2872
172
1933
382
362
2568
2547
482
2865
1519
1126
608
1934
1530
2641
2810
401
1358
2200
2544
716
2002
1897
57
1476
661
110
1669
860
2133
735
745
2863
1383
2595
384
1499
2682
2436
431
1256
684
473
2570
673
2072
1082
480
603
234
2438
592
2271
2781
1086
1803
1234
95
199
1099
1357
288
739
82
895
2694
151
1659
778
2247
338
240
733
309
1184
2845
1522
343
1844
2789
406
1158
888
1317
2393
297
153
1267
2761
1796
2841
1412
283
1349
759
2135
458
141
989
1814
516
1746
2542
1841
1871
2613
1018
1848
774
1242
1665
2451
2210
2152
1165
2170
2843
907
1397
85
281
2203
988
1145
2864
2222
2495
1838
106
1556
1845
2011
883
1430
2681
2066
1109
1420
2477
379
2003
2494
2496
1203
1592
2972
2649
2680
2650
2242
513
1636
2762
1643
2669
1004
1745
1833
2560
2394
2246
1040
2089
1969
1496
291
495
2590
1809
336
1305
1995
94
2598
884
1837
729
308
345
1596
1270
373
2737
1975
961
1873
567
620
1321
659
221
2642
2772
1178
2836
1024
777
1166
1584
1544
710
419
2096
2884
631
2445
2776
618
1877
1277
2711
2360
1551
2409
2005
1075
2130
693
2691
2447
1223
1101
2755
167
2287
1142
1467
2357
2949
1363
62
1372
2734
307
1373
1758
1025
1473
1708
1212
445
1932
2515
1800
2395
484
1648
2302
75
258
532
1248
1276
1532
2890
792
642
2716
2410
2506
2321
1545
1
220
325
2742
885
1347
1520
1236
2329
2500
1044
1313
440
1194
2
573
1378
195
2142
1290
602
2905
157
2208
2614
239
2459
682
376
1704
624
2718
1637
427
1772
514
2530
2417
1301
254
1149
355
1583
226
1078
2231
1207
1459
277
1030
1295
938
2518
326
949
2344
2831
2045
2283
2926
144
31
1238
764
1830
2973
2161
947
2390
71
2615
2490
1137
1483
1954
268
531
2847
413
1695
1568
1221
525
80
539
811
38
935
1771
84
1168
1712
466
1906
773
1653
518
1260
2532
1458
2968
2945
1294
904
372
651
538
2551
2536
776
2053
1308
1226
2846
758
2182
1936
2220
1491
169
2338
2008
1513
2603
2638
327
11
1867
1111
89
2187
262
1493
727
50
599
2411
1351
1773
1448
2430
2659
1080
60
23
2811
69
2856
1174
1984
688
632
542
1926
806
2157
1482
2065
649
248
1422
801
1597
1001
2348
1815
906
1419
2707
2067
59
415
2323
1046
1134
1364
1974
967
2420
769
329
1689
2899
2176
2974
1183
426
2336
1348
943
814
1742
2180
707
855
2574
2501
1709
1403
2107
2655
2199
2351
2503
1084
2676
1282
786
1998
1789
757
562
1019
1013
1368
1132
2684
2432
1731
2918
125
1218
1083
421
1594
2245
1450
187
1398
2042
2804
1070
2745
103
1722
375
302
2238
712
501
1923
2466
691
2315
1952
2886
250
2192
1257
2062
635
520
600
1407
1094
1096
2916
1804
1113
2764
2270
581
1874
1732
2116
1188
1201
1604
1402
1072
2902
192
1396
402
1783
139
1288
2127
999
1104
912
2709
974
276
1032
862
1645
1310
383
953
2013
701
1652
456
2752
1810
160
1682
330
416
2713
1548
390
652
1525
2031
1802
927
556
1820
1567
629
1085
1379
2611
576
1055
1554
2129
2687
981
12
2263
2822
1737
977
44
1774
2562
887
236
423
483
1285
2374
2708
1495
813
719
2481
2808
1005
2175
1229
2678
1635
1141
1073
1192
2555
374
28
1699
1571
2557
2956
755
1120
2470
2850
2147
2630
2786
721
2940
74
2165
593
1658
1136
843
1480
1105
1009
1245
2154
2169
2732
1948
1517
344
1860
119
1355
1808
936
835
1172
2524
109
1587
1439
1374
2342
1701
1981
898
287
809
1962
1016
1265
444
2153
2489
2327
1059
848
2775
35
588
286
864
1275
478
1819
1765
1169
205
2054
1956
1560
2228
2535
1859
1161
1595
1498
500
1045
1631
1982
1715
1171
959
534
1614
2955
88
2540
2353
819
1041
1581
2041
2578
1619
29
657
893
2099
1508
1152
1990
1291
909
91
332
22
2189
1613
626
944
1828
1578
768
173
2842
124
633
1887
261
2426
1564
86
597
61
2646
1886
1421
2098
213
812
1593
1895
1573
901
1825
2873
923
178
995
2379
2509
1002
976
77
1875
2952
790
1071
93
377
1262
2120
2244
432
1961
368
2272
561
1805
2512
760
844
242
971
2429
238
1035
24
1330
954
42
832
1390
2933
2369
2820
417
335
1486
2201
1411
265
743
2601
2356
252
321
446
2397
51
358
2295
2306
64
